*****************************************************************************************
ARPIP - Ancestral Sequence Reconstruction with indels under the Poisson Indel Process
ARPIP likelihood values for each state
 Description of data format:
 1. Node: Node name
 2. Site: Site number
 3. Probability of each alphabet at this site with the following format:
'dna': 'ACGT-', 'protein': 'ARNDCQEGHILKMFPSTWYV-'
*****************************************************************************************
Site	Node	A	C	G	T	-
0	V2	0.485945	0.171352	0.171352	0.171352	0	
0	V5	0.656677	0.114441	0.114441	0.114441	0	
0	V7	0.656677	0.114441	0.114441	0.114441	0	
0	V8	0.844342	0.051886	0.051886	0.051886	0	
0	V12	0.663367	0.112211	0.112211	0.112211	0	
0	V13	0.945312	0.0182293	0.0182293	0.0182293	0	
0	root	0.996458	0.00118082	0.00118082	0.00118082	0	

1	V2	0.171352	0.171352	0.171352	0.485945	0	
1	V5	0.114441	0.114441	0.656677	0.114441	0	
1	V7	0.0465707	0.0465707	0.860288	0.0465707	0	
1	V8	0.0429025	0.0429025	0.792526	0.121669	0	
1	V12	0.221964	0.221964	0.221964	0.334109	0	
1	V13	0.0617145	0.0617145	0.0617145	0.814857	0	
1	root	0.0172659	0.0172659	0.318948	0.64652	0	

2	V2	0.171352	0.485945	0.171352	0.171352	0	
2	V5	0.656677	0.114441	0.114441	0.114441	0	
2	V7	0.656677	0.114441	0.114441	0.114441	0	
2	V8	0.542659	0.268199	0.094571	0.094571	0	
2	V12	0.111021	0.610846	0.167113	0.111021	0	
2	V13	0.0193168	0.93229	0.0290764	0.0193168	0	
2	root	0.0395417	0.943195	0.0103727	0.00689106	0	

3	V2	0.171352	0.171352	0.171352	0.485945	0	
3	V5	0.656677	0.114441	0.114441	0.114441	0	
3	V7	0.860288	0.0465707	0.0465707	0.0465707	0	
3	V8	0.792526	0.0429025	0.0429025	0.121669	0	
3	V12	0.111021	0.111021	0.610846	0.167113	0	
3	V13	0.0193168	0.0193168	0.93229	0.0290764	0	
3	root	0.256549	0.013888	0.670278	0.0592848	0	

4	V2	0.171352	0.171352	0.485945	0.171352	0	
4	V5	0.656677	0.114441	0.114441	0.114441	0	
4	V7	0.523674	0.293801	0.0912624	0.0912624	0	
4	V8	0.448523	0.251638	0.221674	0.0781655	0	
4	V12	0.111021	0.167113	0.111021	0.610846	0	
4	V13	0.0193168	0.0290764	0.0193168	0.93229	0	
4	root	0.0930257	0.0785599	0.0459762	0.782438	0	

5	V2	0.485945	0.171352	0.171352	0.171352	0	
5	V5	0.656677	0.114441	0.114441	0.114441	0	
5	V7	0.523674	0.0912624	0.293801	0.0912624	0	
5	V8	0.757155	0.0465283	0.149788	0.0465283	0	
5	V12	0	0	0	0	0	
5	V13	0	0	0	0	0	
5	root	0	0	0	0	0	

6	V2	0.171352	0.485945	0.171352	0.171352	0	
6	V5	0.114441	0.656677	0.114441	0.114441	0	
6	V7	0.114441	0.656677	0.114441	0.114441	0	
6	V8	0.051886	0.844342	0.051886	0.051886	0	
6	V12	0.647145	0.117618	0.117618	0.117618	0	
6	V13	0.941479	0.0195072	0.0195072	0.0195072	0	
6	root	0.725367	0.244574	0.0150294	0.0150294	0	

7	V2	0	0	0	0	0	
7	V5	0.39957	0.200143	0.200143	0.200143	0	
7	V7	0.39957	0.200143	0.200143	0.200143	0	
7	V8	0.39957	0.200143	0.200143	0.200143	0	
7	V12	0.647145	0.117618	0.117618	0.117618	0	
7	V13	0.647145	0.117618	0.117618	0.117618	0	
7	root	0.785476	0.0715079	0.0715079	0.0715079	0	

8	V2	0.171352	0.485945	0.171352	0.171352	0	
8	V5	0.114441	0.656677	0.114441	0.114441	0	
8	V7	0.114441	0.656677	0.114441	0.114441	0	
8	V8	0.051886	0.844342	0.051886	0.051886	0	
8	V12	0.647145	0.117618	0.117618	0.117618	0	
8	V13	0.941479	0.0195072	0.0195072	0.0195072	0	
8	root	0.725367	0.244574	0.0150294	0.0150294	0	

9	V2	0.485945	0.171352	0.171352	0.171352	0	
9	V5	0.114441	0.114441	0.656677	0.114441	0	
9	V7	0.293801	0.0912624	0.523674	0.0912624	0	
9	V8	0.541252	0.0592842	0.34018	0.0592842	0	
9	V12	0.334109	0.221964	0.221964	0.221964	0	
9	V13	0.122606	0.0814529	0.714488	0.0814529	0	
9	root	0.20798	0.0151341	0.761752	0.0151341	0	

10	V2	0.171352	0.485945	0.171352	0.171352	0	
10	V5	0.114441	0.114441	0.656677	0.114441	0	
10	V7	0.0465707	0.0465707	0.860288	0.0465707	0	
10	V8	0.0429025	0.121669	0.792526	0.0429025	0	
10	V12	0.221964	0.334109	0.221964	0.221964	0	
10	V13	0.0814529	0.122606	0.0814529	0.714488	0	
10	root	0.0307566	0.131293	0.568159	0.269791	0	

11	V2	0.171352	0.171352	0.171352	0.485945	0	
11	V5	0.656677	0.114441	0.114441	0.114441	0	
11	V7	0.860288	0.0465707	0.0465707	0.0465707	0	
11	V8	0.792526	0.0429025	0.0429025	0.121669	0	
11	V12	0.610846	0.111021	0.111021	0.167113	0	
11	V13	0.93229	0.0193168	0.0193168	0.0290764	0	
11	root	0.993018	0.00111381	0.00111381	0.0047546	0	

12	V2	0.171352	0.171352	0.485945	0.171352	0	
12	V5	0.114441	0.114441	0.114441	0.656677	0	
12	V7	0.0465707	0.0465707	0.0465707	0.860288	0	
12	V8	0.0429025	0.0429025	0.121669	0.792526	0	
12	V12	0.111021	0.111021	0.167113	0.610846	0	
12	V13	0.0595979	0.52278	0.089709	0.327913	0	
12	root	0.0086446	0.0758287	0.0369019	0.878625	0	

13	V2	0.171352	0.171352	0.171352	0.485945	0	
13	V5	0.114441	0.114441	0.656677	0.114441	0	
13	V7	0.0465707	0.0465707	0.860288	0.0465707	0	
13	V8	0.0429025	0.0429025	0.792526	0.121669	0	
13	V12	0.221964	0.221964	0.221964	0.334109	0	
13	V13	0.0617145	0.0617145	0.0617145	0.814857	0	
13	root	0.0172659	0.0172659	0.318948	0.64652	0	

14	V2	0	0	0	0	0	
14	V5	0	0	0	0	0	
14	V7	0	0	0	0	0	
14	V8	0	0	0	0	0	
14	V12	0	0	0	0	0	
14	V13	0	0	0	0	0	
14	root	0	0	0	0	0	

15	V2	0	0	0	0	0	
15	V5	0	0	0	0	0	
15	V7	0.16079	0.517631	0.16079	0.16079	0	
15	V8	0.16079	0.517631	0.16079	0.16079	0	
15	V12	0.221964	0.334109	0.221964	0.221964	0	
15	V13	0.221964	0.334109	0.221964	0.221964	0	
15	root	0.127456	0.617631	0.127456	0.127456	0	

16	V2	0.485945	0.171352	0.171352	0.171352	0	
16	V5	0.656677	0.114441	0.114441	0.114441	0	
16	V7	0.656677	0.114441	0.114441	0.114441	0	
16	V8	0.844342	0.051886	0.051886	0.051886	0	
16	V12	0.117618	0.647145	0.117618	0.117618	0	
16	V13	0.117618	0.647145	0.117618	0.117618	0	
16	root	0.684456	0.231422	0.0420608	0.0420608	0	

17	V2	0.171352	0.171352	0.485945	0.171352	0	
17	V5	0.656677	0.114441	0.114441	0.114441	0	
17	V7	0.523674	0.0912624	0.293801	0.0912624	0	
17	V8	0.34018	0.0592842	0.541252	0.0592842	0	
17	V12	0.663367	0.112211	0.112211	0.112211	0	
17	V13	0.945312	0.0182293	0.0182293	0.0182293	0	
17	root	0.963945	0.00323949	0.0295759	0.00323949	0	

18	V2	0.485945	0.171352	0.171352	0.171352	0	
18	V5	0.114441	0.114441	0.114441	0.656677	0	
18	V7	0.293801	0.0912624	0.0912624	0.523674	0	
18	V8	0.541252	0.0592842	0.0592842	0.34018	0	
18	V12	0.112211	0.112211	0.112211	0.663367	0	
18	V13	0.0182293	0.0182293	0.0182293	0.945312	0	
18	root	0.0295759	0.00323949	0.00323949	0.963945	0	

19	V2	0.485945	0.171352	0.171352	0.171352	0	
19	V5	0.114441	0.114441	0.656677	0.114441	0	
19	V7	0.293801	0.0912624	0.523674	0.0912624	0	
19	V8	0.541252	0.0592842	0.34018	0.0592842	0	
19	V12	0.112211	0.112211	0.663367	0.112211	0	
19	V13	0.0182293	0.0182293	0.945312	0.0182293	0	
19	root	0.0295759	0.00323949	0.963945	0.00323949	0	

20	V2	0.171352	0.171352	0.171352	0.485945	0	
20	V5	0.114441	0.114441	0.114441	0.656677	0	
20	V7	0.0465707	0.0465707	0.0465707	0.860288	0	
20	V8	0.0180545	0.0180545	0.0180545	0.945836	0	
20	V12	0.112211	0.112211	0.112211	0.663367	0	
20	V13	0.0182293	0.0182293	0.0182293	0.945312	0	
20	root	0.000367692	0.000367692	0.000367692	0.998897	0	

21	V2	0.485945	0.171352	0.171352	0.171352	0	
21	V5	0.656677	0.114441	0.114441	0.114441	0	
21	V7	0.860288	0.0465707	0.0465707	0.0465707	0	
21	V8	0.945836	0.0180545	0.0180545	0.0180545	0	
21	V12	0.663367	0.112211	0.112211	0.112211	0	
21	V13	0.945312	0.0182293	0.0182293	0.0182293	0	
21	root	0.998897	0.000367692	0.000367692	0.000367692	0	

22	V2	0.171352	0.171352	0.485945	0.171352	0	
22	V5	0.114441	0.114441	0.656677	0.114441	0	
22	V7	0.114441	0.114441	0.656677	0.114441	0	
22	V8	0.051886	0.051886	0.844342	0.051886	0	
22	V12	0.221964	0.221964	0.334109	0.221964	0	
22	V13	0.0617145	0.0617145	0.814857	0.0617145	0	
22	root	0.00459004	0.00459004	0.98623	0.00459004	0	

23	V2	0.171352	0.485945	0.171352	0.171352	0	
23	V5	0.114441	0.656677	0.114441	0.114441	0	
23	V7	0.0912624	0.523674	0.0912624	0.293801	0	
23	V8	0.0465283	0.757155	0.0465283	0.149788	0	
23	V12	0.111021	0.167113	0.111021	0.610846	0	
23	V13	0.0482958	0.637681	0.0482958	0.265728	0	
23	root	0.00426301	0.915964	0.00426301	0.0755102	0	

24	V2	0.171352	0.485945	0.171352	0.171352	0	
24	V5	0.114441	0.656677	0.114441	0.114441	0	
24	V7	0.114441	0.656677	0.114441	0.114441	0	
24	V8	0.051886	0.844342	0.051886	0.051886	0	
24	V12	0.221964	0.334109	0.221964	0.221964	0	
24	V13	0.0617145	0.814857	0.0617145	0.0617145	0	
24	root	0.00459004	0.98623	0.00459004	0.00459004	0	

25	V2	0.485945	0.171352	0.171352	0.171352	0	
25	V5	0.656677	0.114441	0.114441	0.114441	0	
25	V7	0.860288	0.0465707	0.0465707	0.0465707	0	
25	V8	0.945836	0.0180545	0.0180545	0.0180545	0	
25	V12	0.663367	0.112211	0.112211	0.112211	0	
25	V13	0.945312	0.0182293	0.0182293	0.0182293	0	
25	root	0.998897	0.000367692	0.000367692	0.000367692	0	

26	V2	0.171352	0.485945	0.171352	0.171352	0	
26	V5	0.656677	0.114441	0.114441	0.114441	0	
26	V7	0.860288	0.0465707	0.0465707	0.0465707	0	
26	V8	0.792526	0.121669	0.0429025	0.0429025	0	
26	V12	0.610846	0.167113	0.111021	0.111021	0	
26	V13	0.265728	0.637681	0.0482958	0.0482958	0	
26	root	0.720414	0.26541	0.007088	0.007088	0	

27	V2	0.171352	0.485945	0.171352	0.171352	0	
27	V5	0.114441	0.656677	0.114441	0.114441	0	
27	V7	0.0465707	0.860288	0.0465707	0.0465707	0	
27	V8	0.0180545	0.945836	0.0180545	0.0180545	0	
27	V12	0.112211	0.663367	0.112211	0.112211	0	
27	V13	0.0182293	0.945312	0.0182293	0.0182293	0	
27	root	0.000367692	0.998897	0.000367692	0.000367692	0	

28	V2	0.171352	0.171352	0.171352	0.485945	0	
28	V5	0.114441	0.114441	0.114441	0.656677	0	
28	V7	0.0465707	0.0465707	0.0465707	0.860288	0	
28	V8	0.0180545	0.0180545	0.0180545	0.945836	0	
28	V12	0.112211	0.112211	0.112211	0.663367	0	
28	V13	0.0182293	0.0182293	0.0182293	0.945312	0	
28	root	0.000367692	0.000367692	0.000367692	0.998897	0	

