,Site,Node,A,C,G,T,-
0,0,V2,0.485945,0.171352,0.171352,0.171352,0
1,0,V5,0.656677,0.114441,0.114441,0.114441,0
2,0,V7,0.656677,0.114441,0.114441,0.114441,0
3,0,V8,0.844342,0.051886,0.051886,0.051886,0
4,0,V12,0.663367,0.112211,0.112211,0.112211,0
5,0,V13,0.945312,0.0182293,0.0182293,0.0182293,0
6,0,root,0.996458,0.00118082,0.00118082,0.00118082,0
7,1,V2,0.171352,0.171352,0.171352,0.485945,0
8,1,V5,0.114441,0.114441,0.656677,0.114441,0
9,1,V7,0.0465707,0.0465707,0.860288,0.0465707,0
10,1,V8,0.0429025,0.0429025,0.792526,0.121669,0
11,1,V12,0.221964,0.221964,0.221964,0.334109,0
12,1,V13,0.0617145,0.0617145,0.0617145,0.814857,0
13,1,root,0.0172659,0.0172659,0.318948,0.64652,0
14,2,V2,0.171352,0.485945,0.171352,0.171352,0
15,2,V5,0.656677,0.114441,0.114441,0.114441,0
16,2,V7,0.656677,0.114441,0.114441,0.114441,0
17,2,V8,0.542659,0.268199,0.094571,0.094571,0
18,2,V12,0.111021,0.610846,0.167113,0.111021,0
19,2,V13,0.0193168,0.93229,0.0290764,0.0193168,0
20,2,root,0.0395417,0.943195,0.0103727,0.00689106,0
21,3,V2,0.171352,0.171352,0.171352,0.485945,0
22,3,V5,0.656677,0.114441,0.114441,0.114441,0
23,3,V7,0.860288,0.0465707,0.0465707,0.0465707,0
24,3,V8,0.792526,0.0429025,0.0429025,0.121669,0
25,3,V12,0.111021,0.111021,0.610846,0.167113,0
26,3,V13,0.0193168,0.0193168,0.93229,0.0290764,0
27,3,root,0.256549,0.013888,0.670278,0.0592848,0
28,4,V2,0.171352,0.171352,0.485945,0.171352,0
29,4,V5,0.656677,0.114441,0.114441,0.114441,0
30,4,V7,0.523674,0.293801,0.0912624,0.0912624,0
31,4,V8,0.448523,0.251638,0.221674,0.0781655,0
32,4,V12,0.111021,0.167113,0.111021,0.610846,0
33,4,V13,0.0193168,0.0290764,0.0193168,0.93229,0
34,4,root,0.0930257,0.0785599,0.0459762,0.782438,0
35,5,V2,0.485945,0.171352,0.171352,0.171352,0
36,5,V5,0.656677,0.114441,0.114441,0.114441,0
37,5,V7,0.523674,0.0912624,0.293801,0.0912624,0
38,5,V8,0.757155,0.0465283,0.149788,0.0465283,0
39,5,V12,0.0,0.0,0.0,0.0,0
40,5,V13,0.0,0.0,0.0,0.0,0
41,5,root,0.0,0.0,0.0,0.0,0
42,6,V2,0.171352,0.485945,0.171352,0.171352,0
43,6,V5,0.114441,0.656677,0.114441,0.114441,0
44,6,V7,0.114441,0.656677,0.114441,0.114441,0
45,6,V8,0.051886,0.844342,0.051886,0.051886,0
46,6,V12,0.647145,0.117618,0.117618,0.117618,0
47,6,V13,0.941479,0.0195072,0.0195072,0.0195072,0
48,6,root,0.725367,0.244574,0.0150294,0.0150294,0
49,7,V2,0.0,0.0,0.0,0.0,0
50,7,V5,0.39957,0.200143,0.200143,0.200143,0
51,7,V7,0.39957,0.200143,0.200143,0.200143,0
52,7,V8,0.39957,0.200143,0.200143,0.200143,0
53,7,V12,0.647145,0.117618,0.117618,0.117618,0
54,7,V13,0.647145,0.117618,0.117618,0.117618,0
55,7,root,0.785476,0.0715079,0.0715079,0.0715079,0
56,8,V2,0.171352,0.485945,0.171352,0.171352,0
57,8,V5,0.114441,0.656677,0.114441,0.114441,0
58,8,V7,0.114441,0.656677,0.114441,0.114441,0
59,8,V8,0.051886,0.844342,0.051886,0.051886,0
60,8,V12,0.647145,0.117618,0.117618,0.117618,0
61,8,V13,0.941479,0.0195072,0.0195072,0.0195072,0
62,8,root,0.725367,0.244574,0.0150294,0.0150294,0
63,9,V2,0.485945,0.171352,0.171352,0.171352,0
64,9,V5,0.114441,0.114441,0.656677,0.114441,0
65,9,V7,0.293801,0.0912624,0.523674,0.0912624,0
66,9,V8,0.541252,0.0592842,0.34018,0.0592842,0
67,9,V12,0.334109,0.221964,0.221964,0.221964,0
68,9,V13,0.122606,0.0814529,0.714488,0.0814529,0
69,9,root,0.20798,0.0151341,0.761752,0.0151341,0
70,10,V2,0.171352,0.485945,0.171352,0.171352,0
71,10,V5,0.114441,0.114441,0.656677,0.114441,0
72,10,V7,0.0465707,0.0465707,0.860288,0.0465707,0
73,10,V8,0.0429025,0.121669,0.792526,0.0429025,0
74,10,V12,0.221964,0.334109,0.221964,0.221964,0
75,10,V13,0.0814529,0.122606,0.0814529,0.714488,0
76,10,root,0.0307566,0.131293,0.568159,0.269791,0
77,11,V2,0.171352,0.171352,0.171352,0.485945,0
78,11,V5,0.656677,0.114441,0.114441,0.114441,0
79,11,V7,0.860288,0.0465707,0.0465707,0.0465707,0
80,11,V8,0.792526,0.0429025,0.0429025,0.121669,0
81,11,V12,0.610846,0.111021,0.111021,0.167113,0
82,11,V13,0.93229,0.0193168,0.0193168,0.0290764,0
83,11,root,0.993018,0.00111381,0.00111381,0.0047546,0
84,12,V2,0.171352,0.171352,0.485945,0.171352,0
85,12,V5,0.114441,0.114441,0.114441,0.656677,0
86,12,V7,0.0465707,0.0465707,0.0465707,0.860288,0
87,12,V8,0.0429025,0.0429025,0.121669,0.792526,0
88,12,V12,0.111021,0.111021,0.167113,0.610846,0
89,12,V13,0.0595979,0.52278,0.089709,0.327913,0
90,12,root,0.0086446,0.0758287,0.0369019,0.878625,0
91,13,V2,0.171352,0.171352,0.171352,0.485945,0
92,13,V5,0.114441,0.114441,0.656677,0.114441,0
93,13,V7,0.0465707,0.0465707,0.860288,0.0465707,0
94,13,V8,0.0429025,0.0429025,0.792526,0.121669,0
95,13,V12,0.221964,0.221964,0.221964,0.334109,0
96,13,V13,0.0617145,0.0617145,0.0617145,0.814857,0
97,13,root,0.0172659,0.0172659,0.318948,0.64652,0
98,14,V2,0.0,0.0,0.0,0.0,0
99,14,V5,0.0,0.0,0.0,0.0,0
100,14,V7,0.0,0.0,0.0,0.0,0
101,14,V8,0.0,0.0,0.0,0.0,0
102,14,V12,0.0,0.0,0.0,0.0,0
103,14,V13,0.0,0.0,0.0,0.0,0
104,14,root,0.0,0.0,0.0,0.0,0
105,15,V2,0.0,0.0,0.0,0.0,0
106,15,V5,0.0,0.0,0.0,0.0,0
107,15,V7,0.16079,0.517631,0.16079,0.16079,0
108,15,V8,0.16079,0.517631,0.16079,0.16079,0
109,15,V12,0.221964,0.334109,0.221964,0.221964,0
110,15,V13,0.221964,0.334109,0.221964,0.221964,0
111,15,root,0.127456,0.617631,0.127456,0.127456,0
112,16,V2,0.485945,0.171352,0.171352,0.171352,0
113,16,V5,0.656677,0.114441,0.114441,0.114441,0
114,16,V7,0.656677,0.114441,0.114441,0.114441,0
115,16,V8,0.844342,0.051886,0.051886,0.051886,0
116,16,V12,0.117618,0.647145,0.117618,0.117618,0
117,16,V13,0.117618,0.647145,0.117618,0.117618,0
118,16,root,0.684456,0.231422,0.0420608,0.0420608,0
119,17,V2,0.171352,0.171352,0.485945,0.171352,0
120,17,V5,0.656677,0.114441,0.114441,0.114441,0
121,17,V7,0.523674,0.0912624,0.293801,0.0912624,0
122,17,V8,0.34018,0.0592842,0.541252,0.0592842,0
123,17,V12,0.663367,0.112211,0.112211,0.112211,0
124,17,V13,0.945312,0.0182293,0.0182293,0.0182293,0
125,17,root,0.963945,0.00323949,0.0295759,0.00323949,0
126,18,V2,0.485945,0.171352,0.171352,0.171352,0
127,18,V5,0.114441,0.114441,0.114441,0.656677,0
128,18,V7,0.293801,0.0912624,0.0912624,0.523674,0
129,18,V8,0.541252,0.0592842,0.0592842,0.34018,0
130,18,V12,0.112211,0.112211,0.112211,0.663367,0
131,18,V13,0.0182293,0.0182293,0.0182293,0.945312,0
132,18,root,0.0295759,0.00323949,0.00323949,0.963945,0
133,19,V2,0.485945,0.171352,0.171352,0.171352,0
134,19,V5,0.114441,0.114441,0.656677,0.114441,0
135,19,V7,0.293801,0.0912624,0.523674,0.0912624,0
136,19,V8,0.541252,0.0592842,0.34018,0.0592842,0
137,19,V12,0.112211,0.112211,0.663367,0.112211,0
138,19,V13,0.0182293,0.0182293,0.945312,0.0182293,0
139,19,root,0.0295759,0.00323949,0.963945,0.00323949,0
140,20,V2,0.171352,0.171352,0.171352,0.485945,0
141,20,V5,0.114441,0.114441,0.114441,0.656677,0
142,20,V7,0.0465707,0.0465707,0.0465707,0.860288,0
143,20,V8,0.0180545,0.0180545,0.0180545,0.945836,0
144,20,V12,0.112211,0.112211,0.112211,0.663367,0
145,20,V13,0.0182293,0.0182293,0.0182293,0.945312,0
146,20,root,0.000367692,0.000367692,0.000367692,0.998897,0
147,21,V2,0.485945,0.171352,0.171352,0.171352,0
148,21,V5,0.656677,0.114441,0.114441,0.114441,0
149,21,V7,0.860288,0.0465707,0.0465707,0.0465707,0
150,21,V8,0.945836,0.0180545,0.0180545,0.0180545,0
151,21,V12,0.663367,0.112211,0.112211,0.112211,0
152,21,V13,0.945312,0.0182293,0.0182293,0.0182293,0
153,21,root,0.998897,0.000367692,0.000367692,0.000367692,0
154,22,V2,0.171352,0.171352,0.485945,0.171352,0
155,22,V5,0.114441,0.114441,0.656677,0.114441,0
156,22,V7,0.114441,0.114441,0.656677,0.114441,0
157,22,V8,0.051886,0.051886,0.844342,0.051886,0
158,22,V12,0.221964,0.221964,0.334109,0.221964,0
159,22,V13,0.0617145,0.0617145,0.814857,0.0617145,0
160,22,root,0.00459004,0.00459004,0.98623,0.00459004,0
161,23,V2,0.171352,0.485945,0.171352,0.171352,0
162,23,V5,0.114441,0.656677,0.114441,0.114441,0
163,23,V7,0.0912624,0.523674,0.0912624,0.293801,0
164,23,V8,0.0465283,0.757155,0.0465283,0.149788,0
165,23,V12,0.111021,0.167113,0.111021,0.610846,0
166,23,V13,0.0482958,0.637681,0.0482958,0.265728,0
167,23,root,0.00426301,0.915964,0.00426301,0.0755102,0
168,24,V2,0.171352,0.485945,0.171352,0.171352,0
169,24,V5,0.114441,0.656677,0.114441,0.114441,0
170,24,V7,0.114441,0.656677,0.114441,0.114441,0
171,24,V8,0.051886,0.844342,0.051886,0.051886,0
172,24,V12,0.221964,0.334109,0.221964,0.221964,0
173,24,V13,0.0617145,0.814857,0.0617145,0.0617145,0
174,24,root,0.00459004,0.98623,0.00459004,0.00459004,0
175,25,V2,0.485945,0.171352,0.171352,0.171352,0
176,25,V5,0.656677,0.114441,0.114441,0.114441,0
177,25,V7,0.860288,0.0465707,0.0465707,0.0465707,0
178,25,V8,0.945836,0.0180545,0.0180545,0.0180545,0
179,25,V12,0.663367,0.112211,0.112211,0.112211,0
180,25,V13,0.945312,0.0182293,0.0182293,0.0182293,0
181,25,root,0.998897,0.000367692,0.000367692,0.000367692,0
182,26,V2,0.171352,0.485945,0.171352,0.171352,0
183,26,V5,0.656677,0.114441,0.114441,0.114441,0
184,26,V7,0.860288,0.0465707,0.0465707,0.0465707,0
185,26,V8,0.792526,0.121669,0.0429025,0.0429025,0
186,26,V12,0.610846,0.167113,0.111021,0.111021,0
187,26,V13,0.265728,0.637681,0.0482958,0.0482958,0
188,26,root,0.720414,0.26541,0.007088,0.007088,0
189,27,V2,0.171352,0.485945,0.171352,0.171352,0
190,27,V5,0.114441,0.656677,0.114441,0.114441,0
191,27,V7,0.0465707,0.860288,0.0465707,0.0465707,0
192,27,V8,0.0180545,0.945836,0.0180545,0.0180545,0
193,27,V12,0.112211,0.663367,0.112211,0.112211,0
194,27,V13,0.0182293,0.945312,0.0182293,0.0182293,0
195,27,root,0.000367692,0.998897,0.000367692,0.000367692,0
196,28,V2,0.171352,0.171352,0.171352,0.485945,0
197,28,V5,0.114441,0.114441,0.114441,0.656677,0
198,28,V7,0.0465707,0.0465707,0.0465707,0.860288,0
199,28,V8,0.0180545,0.0180545,0.0180545,0.945836,0
200,28,V12,0.112211,0.112211,0.112211,0.663367,0
201,28,V13,0.0182293,0.0182293,0.0182293,0.945312,0
202,28,root,0.000367692,0.000367692,0.000367692,0.998897,0
