{
 "cells": [
  {
   "cell_type": "markdown",
   "id": "b1690b77",
   "metadata": {},
   "source": [
    "# Generator matrix example\n",
    "\n",
    "To get started with 'Q' matrix, we begin by importing some useful python packages:\n",
    "\n",
    "In this notebook we use the substitution exchangeblity matrix and get the equilibrium frequencies as input and returns the corresponding generator matrix Q."
   ]
  },
  {
   "cell_type": "markdown",
   "id": "7012df13",
   "metadata": {},
   "source": [
    "### To get started with 'Q' matrix, we begin by importing some useful python packages:"
   ]
  },
  {
   "cell_type": "code",
   "execution_count": 2,
   "id": "ef071f04",
   "metadata": {},
   "outputs": [],
   "source": [
    "# Python 3.9\n",
    "# Q matrix generation for LG model\n",
    "# Created by: Gholamhossein Jowkar <jowk@zhaw.ch>\n",
    "# ACGT ZHAW\n",
    "# Created date: Sep 2023\n",
    "# Modified by:\n",
    "# Modified date:\n",
    "\n",
    "import sys, os, re\n",
    "import numpy as np\n",
    "\n",
    "# Defining length of amino acids elements:\n",
    "aa_len = 20\n"
   ]
  },
  {
   "cell_type": "markdown",
   "id": "4a9aec0b",
   "metadata": {},
   "source": [
    "***"
   ]
  },
  {
   "cell_type": "markdown",
   "id": "dd02aa70",
   "metadata": {},
   "source": [
    "# WAG substitution model\n",
    "\n",
    "A   R   N   D   C   Q   E   G   H   I   L   K   M   F   P   S   T   W   Y   V\n",
    "\n",
    "Ala Arg Asn Asp Cys Gln Glu Gly His Ile Leu Lys Met Phe Pro Ser Thr Trp Tyr Val\n",
    "\n",
    "Symmetrical part of the rate matrix and aa frequencies, estimated from 3905 globular protein amino acid sequences forming 182 protein families.\n",
    "\n",
    "The first part gives the amino acid 'equilibrium' frequencies (pi_i) estimated from the 3905 sequences.  \n",
    "\n",
    "The second part indicates the symmetric 'exchangeability' parameters, where s_ij = s_ji.  The s_ij  are not scaled in the tex files but here we scale them to ensure that the rows of the matrix sum to zero.\n",
    "\n",
    "And finally we compute the net replacement rate from i to j is Q_ij = s_ij*pi_j.\n",
    "\n",
    "Prepared by Simon Whelan and Nick Goldman, September 2000.\n",
    "\n",
    "\n",
    "#### Citation:\n",
    "Whelan, S. and N. Goldman.  2001.  A general empirical model of protein evolution derived from multiple protein families using \ta maximum likelihood approach.  Molecular Biology and Evolution 18, 691-699.\n",
    "\n",
    "***"
   ]
  },
  {
   "cell_type": "markdown",
   "id": "8b277432",
   "metadata": {},
   "source": [
    "\n",
    "### Declare three variables to store the information:"
   ]
  },
  {
   "cell_type": "code",
   "execution_count": 14,
   "id": "7529a03a",
   "metadata": {},
   "outputs": [],
   "source": [
    "# Initialize an empty symmetric Q matrix\n",
    "wag_q = np.zeros([aa_len, aa_len], dtype=float)\n",
    "\n",
    "# Initialize an empty symmetric exchangeability matrix\n",
    "wag_s = np.zeros([aa_len, aa_len], dtype=float)\n",
    "\n",
    "# Initialize an empty background frequency matrix\n",
    "wag_pi = np.zeros(aa_len, dtype=float)"
   ]
  },
  {
   "cell_type": "markdown",
   "id": "0ad2582b",
   "metadata": {},
   "source": [
    "### Having the equilibrium frequencies:"
   ]
  },
  {
   "cell_type": "code",
   "execution_count": 15,
   "id": "aa9c6413",
   "metadata": {},
   "outputs": [
    {
     "name": "stdout",
     "output_type": "stream",
     "text": [
      "Background Frequency Matrix:\n",
      "[0.0866279 0.043972  0.0390894 0.0570451 0.0193078 0.0367281 0.0580589\n",
      " 0.0832518 0.0244313 0.048466  0.086209  0.0620286 0.0195027 0.0384319\n",
      " 0.0457631 0.0695179 0.0610127 0.0143859 0.0352742 0.0708956]\n"
     ]
    }
   ],
   "source": [
    "try:\n",
    "    # Parsing the background probability:    \n",
    "    with open('./samples/sub_model/wag_pi.dat') as back_file:\n",
    "        \n",
    "        for line in back_file:\n",
    "            # Split the line into individual numbers \n",
    "            numbers = line.strip().split(\" \")\n",
    "            # Convert the numbers to floating-point numbers\n",
    "            numbers = [float(num) for num in numbers]\n",
    "    \n",
    "    wag_pi = np.array(numbers)\n",
    "    \n",
    "    # Print the background frequency\n",
    "    print(\"Background Frequency Matrix:\")\n",
    "    print(wag_pi)\n",
    "            \n",
    "except FileNotFoundError:\n",
    "    print(f\"File '{file_path}' not found.\")\n",
    "except Exception as e:\n",
    "    print(f\"An error occurred: {str(e)}\")"
   ]
  },
  {
   "cell_type": "markdown",
   "id": "5dae8045",
   "metadata": {},
   "source": [
    "### Having the exchangeablity matrix:\n",
    "We read an exchangeability text as input and returns the corresponding symmetric exchangeability matrix."
   ]
  },
  {
   "cell_type": "code",
   "execution_count": 18,
   "id": "940135a2",
   "metadata": {},
   "outputs": [
    {
     "name": "stdout",
     "output_type": "stream",
     "text": [
      "Symmetric Exchangeability Matrix:\n",
      "[[-1.89444120e+01  5.51571000e-01  5.09848000e-01  7.38998000e-01\n",
      "   1.02704000e+00  9.08598000e-01  1.58285000e+00  1.41672000e+00\n",
      "   3.16954000e-01  1.93335000e-01  3.97915000e-01  9.06265000e-01\n",
      "   8.93496000e-01  2.10494000e-01  1.43855000e+00  3.37079000e+00\n",
      "   2.12111000e+00  1.13133000e-01  2.40735000e-01  2.00601000e+00]\n",
      " [ 5.51571000e-01 -1.91362210e+01  6.35346000e-01  1.47304000e-01\n",
      "   5.28191000e-01  3.03550000e+00  4.39157000e-01  5.84665000e-01\n",
      "   2.13715000e+00  1.86979000e-01  4.97671000e-01  5.35142000e+00\n",
      "   6.83162000e-01  1.02711000e-01  6.79489000e-01  1.22419000e+00\n",
      "   5.54413000e-01  1.16392000e+00  3.81533000e-01  2.51849000e-01]\n",
      " [ 5.09848000e-01  6.35346000e-01 -2.59582488e+01  5.42942000e+00\n",
      "   2.65256000e-01  1.54364000e+00  9.47198000e-01  1.12556000e+00\n",
      "   3.95629000e+00  5.54236000e-01  1.31528000e-01  3.01201000e+00\n",
      "   1.98221000e-01  9.61621000e-02  1.95081000e-01  3.97423000e+00\n",
      "   2.03006000e+00  7.19167000e-02  1.08600000e+00  1.96246000e-01]\n",
      " [ 7.38998000e-01  1.47304000e-01  5.42942000e+00 -1.81662240e+01\n",
      "   3.02949000e-02  6.16783000e-01  6.17416000e+00  8.65584000e-01\n",
      "   9.30676000e-01  3.94370000e-02  8.48047000e-02  4.79855000e-01\n",
      "   1.03754000e-01  4.67304000e-02  4.23984000e-01  1.07176000e+00\n",
      "   3.74866000e-01  1.29767000e-01  3.25711000e-01  1.52335000e-01]\n",
      " [ 1.02704000e+00  5.28191000e-01  2.65256000e-01  3.02949000e-02\n",
      "  -8.23664670e+00  9.88179000e-02  2.13520000e-02  3.06674000e-01\n",
      "   2.48972000e-01  1.70135000e-01  3.84287000e-01  7.40339000e-02\n",
      "   3.90482000e-01  3.98020000e-01  1.09404000e-01  1.40766000e+00\n",
      "   5.12984000e-01  7.17070000e-01  5.43833000e-01  1.00214000e+00]\n",
      " [ 9.08598000e-01  3.03550000e+00  1.54364000e+00  6.16783000e-01\n",
      "   9.88179000e-02 -2.63853557e+01  5.46947000e+00  3.30052000e-01\n",
      "   4.29411000e+00  1.13917000e-01  8.69489000e-01  3.89490000e+00\n",
      "   1.54526000e+00  9.99208000e-02  9.33372000e-01  1.02887000e+00\n",
      "   8.57928000e-01  2.15737000e-01  2.27710000e-01  3.01281000e-01]\n",
      " [ 1.58285000e+00  4.39157000e-01  9.47198000e-01  6.17416000e+00\n",
      "   2.13520000e-02  5.46947000e+00 -2.21859249e+01  5.67717000e-01\n",
      "   5.70025000e-01  1.27395000e-01  1.54263000e-01  2.58443000e+00\n",
      "   3.15124000e-01  8.11339000e-02  6.82355000e-01  7.04939000e-01\n",
      "   8.22765000e-01  1.56557000e-01  1.96303000e-01  5.88731000e-01]\n",
      " [ 1.41672000e+00  5.84665000e-01  1.12556000e+00  8.65584000e-01\n",
      "   3.06674000e-01  3.30052000e-01  5.67717000e-01 -8.57478180e+00\n",
      "   2.49410000e-01  3.04501000e-02  6.13037000e-02  3.73558000e-01\n",
      "   1.74100000e-01  4.99310000e-02  2.43570000e-01  1.34182000e+00\n",
      "   2.25833000e-01  3.36983000e-01  1.03604000e-01  1.87247000e-01]\n",
      " [ 3.16954000e-01  2.13715000e+00  3.95629000e+00  9.30676000e-01\n",
      "   2.48972000e-01  4.29411000e+00  5.70025000e-01  2.49410000e-01\n",
      "  -2.14792240e+01  1.38190000e-01  4.99462000e-01  8.90432000e-01\n",
      "   4.04141000e-01  6.79371000e-01  6.96198000e-01  7.40169000e-01\n",
      "   4.73307000e-01  2.62569000e-01  3.87344000e+00  1.18358000e-01]\n",
      " [ 1.93335000e-01  1.86979000e-01  5.54236000e-01  3.94370000e-02\n",
      "   1.70135000e-01  1.13917000e-01  1.27395000e-01  3.04501000e-02\n",
      "   1.38190000e-01 -2.06972879e+01  3.17097000e+00  3.23832000e-01\n",
      "   4.25746000e+00  1.05947000e+00  9.99288000e-02  3.19440000e-01\n",
      "   1.45816000e+00  2.12483000e-01  4.20170000e-01  7.82130000e+00]\n",
      " [ 3.97915000e-01  4.97671000e-01  1.31528000e-01  8.48047000e-02\n",
      "   3.84287000e-01  8.69489000e-01  1.54263000e-01  6.13037000e-02\n",
      "   4.99462000e-01  3.17097000e+00 -1.74299104e+01  2.57555000e-01\n",
      "   4.85402000e+00  2.11517000e+00  4.15844000e-01  3.44739000e-01\n",
      "   3.26622000e-01  6.65309000e-01  3.98618000e-01  1.80034000e+00]\n",
      " [ 9.06265000e-01  5.35142000e+00  3.01201000e+00  4.79855000e-01\n",
      "   7.40339000e-02  3.89490000e+00  2.58443000e+00  3.73558000e-01\n",
      "   8.90432000e-01  3.23832000e-01  2.57555000e-01 -2.26586119e+01\n",
      "   9.34276000e-01  8.88360000e-02  5.56896000e-01  9.67130000e-01\n",
      "   1.38698000e+00  1.37505000e-01  1.33264000e-01  3.05434000e-01]\n",
      " [ 8.93496000e-01  6.83162000e-01  1.98221000e-01  1.03754000e-01\n",
      "   3.90482000e-01  1.54526000e+00  3.15124000e-01  1.74100000e-01\n",
      "   4.04141000e-01  4.25746000e+00  4.85402000e+00  9.34276000e-01\n",
      "  -2.11280730e+01  1.19063000e+00  1.71329000e-01  4.93905000e-01\n",
      "   1.51612000e+00  5.15706000e-01  4.28437000e-01  2.05845000e+00]\n",
      " [ 2.10494000e-01  1.02711000e-01  9.61621000e-02  4.67304000e-02\n",
      "   3.98020000e-01  9.99208000e-02  8.11339000e-02  4.99310000e-02\n",
      "   6.79371000e-01  1.05947000e+00  2.11517000e+00  8.88360000e-02\n",
      "   1.19063000e+00 -1.57316702e+01  1.61444000e-01  5.45931000e-01\n",
      "   1.71903000e-01  1.52964000e+00  6.45428000e+00  6.49892000e-01]\n",
      " [ 1.43855000e+00  6.79489000e-01  1.95081000e-01  4.23984000e-01\n",
      "   1.09404000e-01  9.33372000e-01  6.82355000e-01  2.43570000e-01\n",
      "   6.96198000e-01  9.99288000e-02  4.15844000e-01  5.56896000e-01\n",
      "   1.71329000e-01  1.61444000e-01 -9.88644680e+00  1.61328000e+00\n",
      "   7.95384000e-01  1.39405000e-01  2.16046000e-01  3.14887000e-01]\n",
      " [ 3.37079000e+00  1.22419000e+00  3.97423000e+00  1.07176000e+00\n",
      "   1.40766000e+00  1.02887000e+00  7.04939000e-01  1.34182000e+00\n",
      "   7.40169000e-01  3.19440000e-01  3.44739000e-01  9.67130000e-01\n",
      "   4.93905000e-01  5.45931000e-01  1.61328000e+00 -2.50703470e+01\n",
      "   4.37802000e+00  5.23742000e-01  7.86993000e-01  2.32739000e-01]\n",
      " [ 2.12111000e+00  5.54413000e-01  2.03006000e+00  3.74866000e-01\n",
      "   5.12984000e-01  8.57928000e-01  8.22765000e-01  2.25833000e-01\n",
      "   4.73307000e-01  1.45816000e+00  3.26622000e-01  1.38698000e+00\n",
      "   1.51612000e+00  1.71903000e-01  7.95384000e-01  4.37802000e+00\n",
      "  -1.97966970e+01  1.10864000e-01  2.91148000e-01  1.38823000e+00]\n",
      " [ 1.13133000e-01  1.16392000e+00  7.19167000e-02  1.29767000e-01\n",
      "   7.17070000e-01  2.15737000e-01  1.56557000e-01  3.36983000e-01\n",
      "   2.62569000e-01  2.12483000e-01  6.65309000e-01  1.37505000e-01\n",
      "   5.15706000e-01  1.52964000e+00  1.39405000e-01  5.23742000e-01\n",
      "   1.10864000e-01 -9.85306570e+00  2.48539000e+00  3.65369000e-01]\n",
      " [ 2.40735000e-01  3.81533000e-01  1.08600000e+00  3.25711000e-01\n",
      "   5.43833000e-01  2.27710000e-01  1.96303000e-01  1.03604000e-01\n",
      "   3.87344000e+00  4.20170000e-01  3.98618000e-01  1.33264000e-01\n",
      "   4.28437000e-01  6.45428000e+00  2.16046000e-01  7.86993000e-01\n",
      "   2.91148000e-01  2.48539000e+00 -1.89079450e+01  3.14730000e-01]\n",
      " [ 2.00601000e+00  2.51849000e-01  1.96246000e-01  1.52335000e-01\n",
      "   1.00214000e+00  3.01281000e-01  5.88731000e-01  1.87247000e-01\n",
      "   1.18358000e-01  7.82130000e+00  1.80034000e+00  3.05434000e-01\n",
      "   2.05845000e+00  6.49892000e-01  3.14887000e-01  2.32739000e-01\n",
      "   1.38823000e+00  3.65369000e-01  3.14730000e-01 -2.00555680e+01]]\n"
     ]
    }
   ],
   "source": [
    "try:\n",
    "    with open('./samples/sub_model/wag_ex.dat') as exchange_file:\n",
    "        \n",
    "        lst_element = []\n",
    "        lst_element.append([0, 0, 0, 0, 0, 0, 0, 0, 0, 0, 0, 0, 0, 0, 0, 0, 0, 0, 0, 0])\n",
    "        \n",
    "        for line in exchange_file:\n",
    "            \n",
    "            # Split the line into individual numbers \n",
    "            numbers = line.strip().split(\" \")\n",
    "            \n",
    "            # Convert the numbers to floating-point numbers\n",
    "            numbers = [float(num) for num in numbers]\n",
    "            \n",
    "            # Update the maximum length if necessary\n",
    "            max_length = max(aa_len, len(numbers))\n",
    "            \n",
    "            # Add the list of numbers to the lst_element list\n",
    "            lst_element.append(numbers)\n",
    "\n",
    "            # Pad the lists with zeros to make them all the same size\n",
    "            for i, lst in enumerate(lst_element):\n",
    "                while len(lst) < max_length:\n",
    "                    lst.append(0)\n",
    "                    \n",
    "    # Convert the list of lists to a numpy array\n",
    "    lower_triangle_matrix = np.array(lst_element)\n",
    "    \n",
    "    \n",
    "    # Making a symmetric matrix from a lower triangle matrix:\n",
    "    \n",
    "    wag_s = lower_triangle_matrix + lower_triangle_matrix.T\n",
    "\n",
    "    for i in range(aa_len):\n",
    "        wag_s[i, i] = -np.sum(wag_s[i, :])  # Diagonal elements\n",
    "\n",
    "    # Print the symmetric exchangeability matrix\n",
    "    print(\"Symmetric Exchangeability Matrix:\")\n",
    "    print(wag_s)\n",
    "            \n",
    "except FileNotFoundError:\n",
    "    print(f\"File '{file_path}' not found.\")\n",
    "except Exception as e:\n",
    "    print(f\"An error occurred: {str(e)}\")\n"
   ]
  },
  {
   "cell_type": "markdown",
   "id": "f3ebd862",
   "metadata": {},
   "source": [
    "### Converting an exchangeability matrix into a generator matrix Q:\n",
    "\n",
    "The off-diagonal elements of Q are calculated by multiplying the equilibrium frequencies with the corresponding entries in the exchangebility matrix.\n",
    "\n",
    "The diagonal elements of Q are calculated as the negative sum of the products of equilibrium frequencies and exchangebility matrix entries for the same character, excluding the diagonal element itself."
   ]
  },
  {
   "cell_type": "code",
   "execution_count": 19,
   "id": "e20f265f",
   "metadata": {},
   "outputs": [
    {
     "name": "stdout",
     "output_type": "stream",
     "text": [
      "Generator Matrix Q:\n",
      "[[-1.06444471e+00  2.42536800e-02  1.99296524e-02  4.21562148e-02\n",
      "   1.98298829e-02  3.33710782e-02  9.18985299e-02  1.17944490e-01\n",
      "   7.74359826e-03  9.37017411e-03  3.43038542e-02  5.62143492e-02\n",
      "   1.74255844e-02  8.08968436e-03  6.58325075e-02  2.34330242e-01\n",
      "   1.29414648e-01  1.62752002e-03  8.49173454e-03  1.42217283e-01]\n",
      " [ 4.77814374e-02 -9.28350781e-01  2.48352939e-02  8.40297141e-03\n",
      "   1.01982062e-02  1.11488148e-01  2.54969723e-02  4.86744136e-02\n",
      "   5.22133528e-02  9.06212421e-03  4.29037192e-02  3.31941091e-01\n",
      "   1.33235035e-02  3.94737888e-03  3.10955231e-02  8.51031180e-02\n",
      "   3.38262340e-02  1.67440367e-02  1.34582713e-02  1.78549860e-02]\n",
      " [ 4.41670616e-02  2.79374343e-02 -1.38391348e+00  3.09721807e-01\n",
      "   5.12150980e-03  5.66949643e-02  5.49932740e-02  9.37048960e-02\n",
      "   9.66573079e-02  2.68616020e-02  1.13388974e-02  1.86830763e-01\n",
      "   3.86584470e-03  3.69569221e-03  8.92751131e-03  2.76280124e-01\n",
      "   1.23859442e-01  1.03458645e-03  3.83077812e-02  1.39129779e-02]\n",
      " [ 6.40178448e-02  6.47725149e-03  2.12232770e-01 -9.42973293e-01\n",
      "   5.84927870e-04  2.26532677e-02  3.58464938e-01  7.20614261e-02\n",
      "   2.27376246e-02  1.91135364e-03  7.31092838e-03  2.97647339e-02\n",
      "   2.02348314e-03  1.79593806e-03  1.94028222e-02  7.45065045e-02\n",
      "   2.28715868e-02  1.86681509e-03  1.14891950e-02  1.07998812e-02]\n",
      " [ 8.89703184e-02  2.32256147e-02  1.03686979e-02  1.72817560e-03\n",
      "  -4.64363904e-01  3.62939371e-03  1.23967363e-03  2.55311625e-02\n",
      "   6.08270962e-03  8.24576291e-03  3.31289980e-02  4.59221917e-03\n",
      "   7.61545330e-03  1.52966648e-02  5.00666619e-03  9.78575671e-02\n",
      "   3.12985389e-02  1.03156973e-02  1.91832740e-02  7.10473166e-02]\n",
      " [ 7.87099367e-02  1.33477006e-01  6.03399614e-02  3.51844479e-02\n",
      "   1.90795625e-03 -1.31468853e+00  3.17551412e-01  2.74774231e-02\n",
      "   1.04910690e-01  5.52110132e-03  7.49577772e-02  2.41595194e-01\n",
      "   3.01367422e-02  3.84014619e-03  4.27139962e-02  7.15248818e-02\n",
      "   5.23445037e-02  3.10357091e-03  8.03228808e-03  2.13594973e-02]\n",
      " [ 1.37118972e-01  1.93106116e-02  3.70254015e-02  3.52205575e-01\n",
      "   4.12260146e-04  2.00883241e-01 -1.17853839e+00  4.72634621e-02\n",
      "   1.39264518e-02  6.17432607e-03  1.32988590e-02  1.60308575e-01\n",
      "   6.14576883e-03  3.11812993e-03  3.12266801e-02  4.90058789e-02\n",
      "   5.01991141e-02  2.25221335e-03  6.92443128e-03  4.17384375e-02]\n",
      " [ 1.22727478e-01  2.57088894e-02  4.39974651e-02  4.93773258e-02\n",
      "   5.92120026e-03  1.21221829e-02  3.29610245e-02 -4.74138393e-01\n",
      "   6.09341053e-03  1.47579455e-03  5.28493067e-03  2.31712798e-02\n",
      "   3.39542007e-03  1.91894320e-03  1.11465183e-02  9.32805086e-02\n",
      "   1.37786811e-02  4.84780374e-03  3.65454822e-03  1.32749884e-02]\n",
      " [ 2.74570594e-02  9.39747598e-02  1.54649002e-01  5.30905055e-02\n",
      "   4.80710158e-03  1.57714501e-01  3.30950245e-02  2.07638314e-02\n",
      "  -9.45524793e-01  6.69751654e-03  4.30581196e-02  5.52322504e-02\n",
      "   7.88184068e-03  2.61095183e-02  3.18601787e-02  5.14549945e-02\n",
      "   2.88777380e-02  3.77729138e-03  1.36632497e-01  8.39106142e-03]\n",
      " [ 1.67482050e-02  8.22184059e-03  2.16647527e-02  2.24968761e-03\n",
      "   3.28493255e-03  4.18395497e-03  7.39641357e-03  2.53502564e-03\n",
      "   3.37616135e-03 -1.17498319e+00  2.73366153e-01  2.00868456e-02\n",
      "   8.30319651e-02  4.07174451e-02  4.57305167e-03  2.22067980e-02\n",
      "   8.89662786e-02  3.05675919e-03  1.48211606e-02  5.54495756e-01]\n",
      " [ 3.44705408e-02  2.18835892e-02  5.14135060e-03  4.83769259e-03\n",
      "   7.41973654e-03  3.19346789e-02  8.95634009e-03  5.10364337e-03\n",
      "   1.22025060e-02  1.53684232e-01 -6.91758700e-01  1.59757761e-02\n",
      "   9.46664959e-02  8.12900019e-02  1.90303106e-02  2.39655313e-02\n",
      "   1.99280901e-02  9.57106874e-03  1.40609311e-02  1.27636185e-01]\n",
      " [ 7.85078338e-02  2.35312640e-01  1.17737664e-01  2.73733765e-02\n",
      "   1.42943173e-03  1.43052277e-01  1.50049163e-01  3.10993759e-02\n",
      "   2.17544113e-02  1.56948417e-02  2.22035590e-02 -1.07152398e+00\n",
      "   1.82209045e-02  3.41413627e-03  2.54852873e-02  6.72328466e-02\n",
      "   8.46233946e-02  1.97813318e-03  4.70078099e-03  2.16539267e-02]\n",
      " [ 7.74016821e-02  3.00399995e-02  7.74833996e-03  5.91865731e-03\n",
      "   7.53934836e-03  5.67544638e-02  1.82957528e-02  1.44941384e-02\n",
      "   9.87369001e-03  2.06342056e-01  4.18460210e-01  5.79518323e-02\n",
      "  -1.25972342e+00  4.57581731e-02  7.84054616e-03  3.43352384e-02\n",
      "   9.25025747e-02  7.41889495e-03  1.51127724e-02  1.45935048e-01]\n",
      " [ 1.82346532e-02  4.51640809e-03  3.75891879e-03  2.66574034e-03\n",
      "   7.68489056e-03  3.66990113e-03  4.71054499e-03  4.15684563e-03\n",
      "   1.65979167e-02  5.13482730e-02  1.82346691e-01  5.51037271e-03\n",
      "   2.32204997e-02 -6.79999371e-01  7.38817792e-03  3.79519767e-02\n",
      "   1.04882662e-02  2.20052481e-02  2.27669564e-01  4.60744833e-02]\n",
      " [ 1.24618566e-01  2.98784903e-02  7.62559924e-03  2.41862097e-02\n",
      "   2.11235055e-03  3.42809802e-02  3.96167807e-02  2.02776409e-02\n",
      "   1.70090222e-02  4.84314922e-03  3.58494954e-02  3.45434792e-02\n",
      "   3.34137809e-03  6.20459966e-03 -5.77018523e-01  1.12151838e-01\n",
      "   4.85285254e-02  2.00546639e-03  7.62084981e-03  2.23241028e-02]\n",
      " [ 2.92004459e-01  5.38300827e-02  1.55350266e-01  6.11386564e-02\n",
      "   2.71788177e-02  3.77884402e-02  4.09279829e-02  1.11708930e-01\n",
      "   1.80832909e-02  1.54819790e-02  2.97196045e-02  5.99897199e-02\n",
      "   9.63248104e-03  2.09811656e-02  7.38286940e-02 -1.32655461e+00\n",
      "   2.67114821e-01  7.53450004e-03  2.77605485e-02  1.65001710e-02]\n",
      " [ 1.83747305e-01  2.43786484e-02  7.93538274e-02  2.13842685e-02\n",
      "   9.90459248e-03  3.15100654e-02  4.77688309e-02  1.88010037e-02\n",
      "   1.15635053e-02  7.06711826e-02  2.81577560e-02  8.60324276e-02\n",
      "   2.95684335e-02  6.60655891e-03  3.63992375e-02  3.04350757e-01\n",
      "  -1.10048269e+00  1.59487842e-03  1.02700128e-02  9.84193988e-02]\n",
      " [ 9.80047421e-03  5.11798902e-02  2.81118065e-03  7.40257149e-03\n",
      "   1.38450441e-02  7.92361011e-03  9.08952721e-03  2.80544413e-02\n",
      "   6.41490201e-03  1.02982011e-02  5.73556236e-02  8.52924264e-03\n",
      "   1.00576594e-02  5.87869715e-02  6.37960496e-03  3.64094440e-02\n",
      "   6.76411197e-03 -4.44675699e-01  8.76701439e-02  2.59030545e-02]\n",
      " [ 2.08543675e-02  1.67767691e-02  4.24510884e-02  1.85802166e-02\n",
      "   1.05002188e-02  8.36335565e-03  1.13971362e-02  8.62521949e-03\n",
      "   9.46331747e-02  2.03639592e-02  3.43644592e-02  8.26617935e-03\n",
      "   8.35567828e-03  2.48050244e-01  9.88693470e-03  5.47101007e-02\n",
      "   1.77637256e-02  3.57545720e-02 -6.92010371e-01  2.23129722e-02]\n",
      " [ 1.73776434e-01  1.10743042e-02  7.67113839e-03  8.68996531e-03\n",
      "   1.93491187e-02  1.10654787e-02  3.41810743e-02  1.55886498e-02\n",
      "   2.89163981e-03  3.79067126e-01  1.55205511e-01  1.89456434e-02\n",
      "   4.01453328e-02  2.49765844e-02  1.44102053e-02  1.61795265e-02\n",
      "   8.46996605e-02  5.25616190e-03  1.11018490e-02 -1.03427540e+00]]\n"
     ]
    }
   ],
   "source": [
    "try:\n",
    "    for i in range(aa_len):\n",
    "            for j in range(aa_len):\n",
    "                if i != j:\n",
    "                    wag_q[i, j] = wag_pi[j] * wag_s[i, j]\n",
    "\n",
    "    for i in range(aa_len):\n",
    "        wag_q[i, i] = -np.sum([wag_pi[k] * wag_s[i, k] for k in range(aa_len) if k != i]) # Diagonal elements\n",
    "\n",
    "    print(\"Generator Matrix Q:\")\n",
    "    print(wag_q)\n",
    "            \n",
    "except FileNotFoundError:\n",
    "    print(f\"File '{file_path}' not found.\")\n",
    "except Exception as e:\n",
    "    print(f\"An error occurred: {str(e)}\")\n"
   ]
  },
  {
   "cell_type": "markdown",
   "id": "4bd1f993",
   "metadata": {},
   "source": [
    "***\n",
    "#### Comparing two Q matrices for WAG model:"
   ]
  },
  {
   "cell_type": "code",
   "execution_count": 20,
   "id": "be5b80a4",
   "metadata": {},
   "outputs": [],
   "source": [
    "WAG_from_parnk = np.array([-1.0644447077525, 0.024253680012, 0.0199296524112, 0.0421562148098, 0.019829882912, 0.0333710782038, 0.091898529865, 0.117944490096, 0.0077435982602, 0.00937017411, 0.034303854235, 0.056214349179, 0.0174255844392, 0.0080896843586, 0.065832507505, 0.234330242141, 0.129414648097, 0.0016275200247, 0.008491734537, 0.142217282556,\n",
    "                         0.0477814374309, -0.9283507809291, 0.0248352939324, 0.0084029714104, 0.0101982061898, 0.11148814755, 0.0254969723473, 0.048674413647, 0.052213352795, 0.009062124214, 0.042903719239, 0.331941090612, 0.0133235035374, 0.0039473788809, 0.0310955230559, 0.085103118001, 0.0338262340451, 0.016744036728, 0.0134582713486, 0.0178549859644,\n",
    "                         0.0441670615592, 0.027937434312, -1.38391347672512, 0.309721806842, 0.0051215097968, 0.056694964284, 0.0549932739622, 0.093704896008, 0.096657307877, 0.026861601976, 0.011338897352, 0.186830763486, 0.0038658446967, 0.00369569221099, 0.0089275113111, 0.276280123717, 0.123859441762, 0.00103458645453, 0.0383077812, 0.0139129779176,\n",
    "                         0.0640178448442, 0.006477251488, 0.212232770148, -0.94297329251968, 0.00058492787022, 0.0226532677023, 0.358464938024, 0.0720614260512, 0.0227376245588, 0.001911353642, 0.0073109283823, 0.029764733853, 0.0020234831358, 0.00179593805976, 0.0194028221904, 0.074506504504, 0.0228715867982, 0.0018668150853, 0.0114891949562, 0.010799881226,\n",
    "                         0.088970318416, 0.023225614652, 0.0103686978864, 0.00172817559999, -0.46436390434772, 0.00362939371299, 0.0012396736328, 0.0255311625132, 0.0060827096236, 0.00824576291, 0.033128997983, 0.00459221916954, 0.0076154533014, 0.015296664838, 0.0050066661924, 0.097857567114, 0.0312985388968, 0.010315697313, 0.0191832740086, 0.071047316584,\n",
    "                         0.0787099366842, 0.133477006, 0.060339961416, 0.0351844479133, 0.00190795624962, -1.31468853172694, 0.317551411783, 0.0274774230936, 0.104910689643, 0.005521101322, 0.074957777201, 0.24159519414, 0.030136742202, 0.00384014619352, 0.0427139961732, 0.071524881773, 0.0523445036856, 0.0031035709083, 0.008032288082, 0.0213594972636,\n",
    "                         0.137118971515, 0.019310611604, 0.0370254015012, 0.352205574616, 0.0004122601456, 0.200883241107, -1.17853838814971, 0.0472634621406, 0.0139264517825, 0.00617432607, 0.013298858967, 0.160308574698, 0.0061457688348, 0.00311812993141, 0.0312266801005, 0.0490058789081, 0.0501991141155, 0.0022522133463, 0.0069244312826, 0.0417384374836,\n",
    "                         0.122727478488, 0.02570888938, 0.043997465064, 0.0493773258384, 0.0059212002572, 0.0121221828612, 0.0329610245313, -0.4741383934945, 0.006093410533, 0.0014757945466, 0.0052849306733, 0.0231712797588, 0.00339542007, 0.0019189431989, 0.011146518267, 0.093280508578, 0.0137786810791, 0.0048478037397, 0.0036545482168, 0.0132749884132,\n",
    "                         0.0274570594166, 0.0939747598, 0.154649002326, 0.0530905054876, 0.0048071015816, 0.157714501491, 0.0330950244725, 0.020763831438, -0.9455247927498, 0.00669751654, 0.043058119558, 0.0552322503552, 0.0078818406807, 0.0261095183349, 0.0318601786938, 0.0514549945251, 0.0288777379989, 0.0037772913771, 0.136632497248, 0.0083910614248,\n",
    "                         0.0167482050465, 0.008221840588, 0.0216647526984, 0.0022496876087, 0.003284932553, 0.0041839549677, 0.0073964135655, 0.00253502563518, 0.003376161347, -1.17498318692916, 0.27336615273, 0.0200868455952, 0.083031965142, 0.040717445093, 0.00457305166728, 0.022206797976, 0.088966278632, 0.0030567591897, 0.014821160614, 0.55449575628,\n",
    "                         0.0344705408285, 0.021883589212, 0.0051413506032, 0.00483769259197, 0.0074197365386, 0.0319346789409, 0.0089563400907, 0.00510364337166, 0.0122025059606, 0.15368423202, -0.69175870029473, 0.015975776073, 0.094666495854, 0.081290001923, 0.0190303105564, 0.0239655313281, 0.0199280900994, 0.0095710687431, 0.0140609310556, 0.127636184504,\n",
    "                         0.0785078337935, 0.23531264024, 0.117737663694, 0.0273733764605, 0.00142943173442, 0.14305227669, 0.150049162927, 0.0310993759044, 0.0217544113216, 0.015694841712, 0.022203558995, -1.07152398375532, 0.0182209045452, 0.0034141362684, 0.0254852873376, 0.067232846627, 0.084623394646, 0.0019781331795, 0.0047007809888, 0.0216539266904,\n",
    "                         0.0774016821384, 0.030039999464, 0.0077483399574, 0.0059186573054, 0.0075393483596, 0.056754463806, 0.0182957528036, 0.01449413838, 0.0098736900133, 0.20634205636, 0.41846021018, 0.0579518322936, -1.2597234186325, 0.045758173097, 0.0078405461599, 0.0343352383995, 0.092502574724, 0.0074188949454, 0.0151127724254, 0.14593504782,\n",
    "                         0.0182346531826, 0.004516408092, 0.00375891879174, 0.00266574034104, 0.007684890556, 0.00366990113448, 0.00471054498671, 0.0041568456258, 0.0165979167123, 0.05134827302, 0.18234669053, 0.0055103727096, 0.023220499701, -0.67999937105987, 0.0073881779164, 0.0379519766649, 0.0104882661681, 0.022005248076, 0.227669563576, 0.0460744832752,\n",
    "                         0.124618565545, 0.029878490308, 0.0076255992414, 0.0241862096784, 0.0021123505512, 0.0342809801532, 0.0396167807095, 0.020277640926, 0.0170090221974, 0.0048431492208, 0.035849495396, 0.0345434792256, 0.0033413780883, 0.0062045996636, -0.5770185229931, 0.112151837712, 0.0485285253768, 0.0020054663895, 0.0076208498132, 0.0223241027972,\n",
    "                         0.292004459041, 0.05383008268, 0.155350266162, 0.061138656376, 0.027178817748, 0.037788440247, 0.0409279829071, 0.111708930276, 0.0180832908897, 0.01548197904, 0.029719604451, 0.059989719918, 0.0096324810435, 0.0209811655989, 0.073828693968, -1.326554610767, 0.267114820854, 0.0075345000378, 0.0277605484806, 0.0165001710484,\n",
    "                         0.183747304969, 0.024378648436, 0.079353827364, 0.0213842684566, 0.0099045924752, 0.0315100653768, 0.0477688308585, 0.0188010037494, 0.0115635053091, 0.07067118256, 0.028157755998, 0.086032427628, 0.029568433524, 0.0066065589057, 0.0363992375304, 0.304350756558, -1.1004826896859, 0.0015948784176, 0.0102700127816, 0.098419398788,\n",
    "                         0.0098004742107, 0.05117989024, 0.00281118065298, 0.0074025714917, 0.013845044146, 0.0079236101097, 0.0090895272073, 0.0280544413194, 0.0064149020097, 0.010298201078, 0.057355623581, 0.008529242643, 0.0100576594062, 0.058786971516, 0.0063796049555, 0.0364094439818, 0.0067641119728, -0.44467569893618, 0.087670143938, 0.0259030544764,\n",
    "                         0.0208543675065, 0.016776769076, 0.0424510884, 0.0185802165661, 0.0105002187974, 0.008363355651, 0.0113971362467, 0.0086252194872, 0.094633174672, 0.02036395922, 0.034364459162, 0.0082661793504, 0.0083556782799, 0.248050243532, 0.0098869347026, 0.0547101006747, 0.0177637255796, 0.035754572001, -0.6920103710931, 0.022312972188,\n",
    "                         0.173776433679, 0.011074304228, 0.0076711383924, 0.0086899653085, 0.019349118692, 0.0110654786961, 0.0341810742559, 0.0155886497946, 0.0028916398054, 0.3790671258, 0.15520551106, 0.0189456434124, 0.040145332815, 0.0249765843548, 0.0144102052697, 0.0161795265281, 0.084699660521, 0.0052561618971, 0.011101848966, -1.034275403476])\n",
    "\n",
    "# Reshape the 1D array into a 2D matrix with 20 row and 20 columns\n",
    "new_wag = WAG_from_parnk.reshape(20, -1)"
   ]
  },
  {
   "cell_type": "markdown",
   "id": "86943dfe",
   "metadata": {},
   "source": [
    "Is these two matrices: WAG from PRANK and the one we have compute are equal?"
   ]
  },
  {
   "cell_type": "code",
   "execution_count": 21,
   "id": "ea4aaf73",
   "metadata": {},
   "outputs": [
    {
     "data": {
      "text/plain": [
       "True"
      ]
     },
     "execution_count": 21,
     "metadata": {},
     "output_type": "execute_result"
    }
   ],
   "source": [
    "(np.round(wag_q, decimals=10)== np.round(new_wag, decimals=10)).all()"
   ]
  },
  {
   "cell_type": "markdown",
   "id": "d18de82d",
   "metadata": {},
   "source": [
    "****"
   ]
  },
  {
   "cell_type": "code",
   "execution_count": null,
   "id": "f5c12831",
   "metadata": {},
   "outputs": [],
   "source": []
  }
 ],
 "metadata": {
  "kernelspec": {
   "display_name": "Python 3 (ipykernel)",
   "language": "python",
   "name": "python3"
  },
  "language_info": {
   "codemirror_mode": {
    "name": "ipython",
    "version": 3
   },
   "file_extension": ".py",
   "mimetype": "text/x-python",
   "name": "python",
   "nbconvert_exporter": "python",
   "pygments_lexer": "ipython3",
   "version": "3.7.11"
  }
 },
 "nbformat": 4,
 "nbformat_minor": 5
}
